indiv,tissue
MSSM_1172,NeuN_pl
PITT_1454,NeuN_pl
